1733213467560 0.2865777611732483 0
1733213629887 0.24394014477729797 1
1733213796060 0.22377924621105194 2
1733213961827 0.22235174477100372 3
1733214127940 0.18864750862121582 4
1733214295056 0.1680038869380951 5
1733214461498 0.1374322474002838 6
1733214624869 0.1366759091615677 7
1733214791311 0.1260717213153839 8
1733214961375 0.10831592977046967 9
1733215129444 0.10318690538406372 10
1733215297919 0.09297731518745422 11
1733215463349 0.10707954317331314 12
1733215629411 0.089551642537117 13
1733215795991 0.09592529386281967 14
1733215963356 0.09454323351383209 15
1733216129439 0.0884539932012558 16
