1733213467560 0.16729292273521423 0
1733213629887 0.13905426859855652 1
1733213796060 0.12616749107837677 2
1733213961827 0.12515348196029663 3
1733214127940 0.10419529676437378 4
1733214295056 0.09181541204452515 5
1733214461498 0.07383991777896881 6
1733214624869 0.07338885962963104 7
1733214791311 0.06733789294958115 8
1733214961375 0.057359375059604645 9
1733215129444 0.054475896060466766 10
1733215297919 0.04886730760335922 11
1733215463349 0.056804705411195755 12
1733215629411 0.04690568894147873 13
1733215795991 0.05046846717596054 14
1733215963356 0.049667440354824066 15
1733216129439 0.046390969306230545 16
