1733213467560 0.2801498770713806 0
1733213629887 0.2248024046421051 1
1733213796060 0.19719335436820984 2
1733213961827 0.17800931632518768 3
1733214127940 0.16626755893230438 4
1733214295056 0.159074604511261 5
1733214461498 0.157074972987175 6
1733214624869 0.1542454957962036 7
1733214791311 0.15291725099086761 8
1733214961375 0.1514386683702469 9
1733215129444 0.14984090626239777 10
1733215297919 0.14884039759635925 11
1733215463349 0.14940527081489563 12
1733215629411 0.14763934910297394 13
1733215795991 0.14731016755104065 14
1733215963356 0.1473437249660492 15
1733216129439 0.14648772776126862 16
