1733213467560 0.26171696186065674 0
1733213629887 0.27665653824806213 1
1733213796060 0.2891479432582855 2
1733213961827 0.29893258213996887 3
1733214127940 0.3099473714828491 4
1733214295056 0.31868693232536316 5
1733214461498 0.33050745725631714 6
1733214624869 0.3337813913822174 7
1733214791311 0.34248068928718567 8
1733214961375 0.34510189294815063 9
1733215129444 0.35585817694664 10
1733215297919 0.3599024713039398 11
1733215463349 0.3714112639427185 12
1733215629411 0.37465888261795044 13
1733215795991 0.3874278962612152 14
1733215963356 0.3892628252506256 15
1733216129439 0.3968627452850342 16
