1733213467560 0.3175700604915619 0
1733213629887 0.22023427486419678 1
1733213796060 0.18481968343257904 2
1733213961827 0.17732533812522888 3
1733214127940 0.13595853745937347 4
1733214295056 0.11508902907371521 5
1733214461498 0.08701906353235245 6
1733214624869 0.08602810651063919 7
1733214791311 0.07746586203575134 8
1733214961375 0.06499205529689789 9
1733215129444 0.060476697981357574 10
1733215297919 0.05449208989739418 11
1733215463349 0.06398721784353256 12
1733215629411 0.050902415066957474 13
1733215795991 0.05506244674324989 14
1733215963356 0.05379680544137955 15
1733216129439 0.05003422871232033 16
