1732844510052 0.2051621824502945 0
1732844913422 0.09027209877967834 1
1732845314535 0.05107351019978523 2
1732845700904 0.028742307797074318 3
1732846093174 0.01935824193060398 4
1732846479316 0.012179546058177948 5
1732846865357 0.009339403361082077 6
1732847276045 0.00707097677513957 7
1732847679409 0.00572613999247551 8
1732848063465 0.004052089061588049 9
1732848454149 0.003990587312728167 10
1732848832087 0.0026310065295547247 11
1732849236453 0.0032062260434031487 12
1732849639312 0.0021015629172325134 13
1732850040859 0.002033679746091366 14
1732850443399 0.0016530342400074005 15
1732850825235 0.0017717102309688926 16
1732851206355 0.0014560726704075933 17
1732851617836 0.0013186947908252478 18
1732852016259 0.0016864701174199581 19
1732852417689 0.001289019244723022 20
1732852846111 0.0008360081119462848 21
1732853224724 0.001074418192729354 22
1732853610032 0.0010754287941381335 23
1732854003601 0.0008934547659009695 24
1732854392783 0.0008395097102038562 25
1732854782031 0.0017529759788885713 26
1732855180822 0.001576692913658917 27
