1732844510052 0.11620142310857773 0
1732844913422 0.04754965007305145 1
1732845314535 0.026292484253644943 2
1732845700904 0.014611643739044666 3
1732846093174 0.00979060959070921 4
1732846479316 0.006133802700787783 5
1732846865357 0.004697111900895834 6
1732847276045 0.0035531013272702694 7
1732847679409 0.002875684294849634 8
1732848063465 0.002032787771895528 9
1732848454149 0.002002239227294922 10
1732848832087 0.0013183826813474298 11
1732849236453 0.0016099691856652498 12
1732849639312 0.0010532537708058953 13
1732850040859 0.0010187341831624508 14
1732850443399 0.0008279772591777146 15
1732850825235 0.0008876724168658257 16
1732851206355 0.0007291605579666793 17
1732851617836 0.0006607450777664781 18
1732852016259 0.0008454509661532938 19
1732852417689 0.0006456055562011898 20
1732852846111 0.00041856736061163247 21
1732853224724 0.0005381906521506608 22
1732853610032 0.0005388163845054805 23
1732854003601 0.00044739939039573073 24
1732854392783 0.00042029720498248935 25
1732854782031 0.000879223458468914 26
1732855180822 0.0007906831451691687 27
