1732844510052 0.20881390571594238 0
1732844913422 0.15994781255722046 1
1732845314535 0.1545773595571518 2
1732845700904 0.15241652727127075 3
1732846093174 0.15069779753684998 4
1732846479316 0.15015827119350433 5
1732846865357 0.1499573290348053 6
1732847276045 0.1492585688829422 7
1732847679409 0.14904293417930603 8
1732848063465 0.14864854514598846 9
1732848454149 0.14857172966003418 10
1732848832087 0.14816050231456757 11
1732849236453 0.14866903424263 12
1732849639312 0.14787283539772034 13
1732850040859 0.14761637151241302 14
1732850443399 0.147341787815094 15
1732850825235 0.14782293140888214 16
1732851206355 0.14768585562705994 17
1732851617836 0.1471187323331833 18
1732852016259 0.14685657620429993 19
1732852417689 0.14712712168693542 20
1732852846111 0.14681664109230042 21
1732853224724 0.1465657353401184 22
1732853610032 0.14651203155517578 23
1732854003601 0.14652489125728607 24
1732854392783 0.14624661207199097 25
1732854782031 0.14620237052440643 26
1732855180822 0.1464097946882248 27
