1732844510052 0.26537713408470154 0
1732844913422 0.2594456970691681 1
1732845314535 0.2577139437198639 2
1732845700904 0.26382023096084595 3
1732846093174 0.2647406756877899 4
1732846479316 0.2653872072696686 5
1732846865357 0.2649814784526825 6
1732847276045 0.2653525173664093 7
1732847679409 0.27045443654060364 8
1732848063465 0.2717960774898529 9
1732848454149 0.26929834485054016 10
1732848832087 0.2647477388381958 11
1732849236453 0.2370593398809433 12
1732849639312 0.2513444423675537 13
1732850040859 0.2779088020324707 14
1732850443399 0.27187150716781616 15
1732850825235 0.2570567727088928 16
1732851206355 0.2794978618621826 17
1732851617836 0.26501306891441345 18
1732852016259 0.3041829466819763 19
1732852417689 0.2757588028907776 20
1732852846111 0.27776038646698 21
1732853224724 0.27633965015411377 22
1732853610032 0.2670217752456665 23
1732854003601 0.27985385060310364 24
1732854392783 0.28261762857437134 25
1732854782031 0.29961153864860535 26
1732855180822 0.2782652974128723 27
