1732844510052 0.19544574618339539 0
1732844913422 0.056618768721818924 1
1732845314535 0.028532860800623894 2
1732845700904 0.015352030284702778 3
1732846093174 0.010228568688035011 4
1732846479316 0.006356742698699236 5
1732846865357 0.0048348973505198956 6
1732847276045 0.0037105500232428312 7
1732847679409 0.0029543007258325815 8
1732848063465 0.0021599838510155678 9
1732848454149 0.002057847799733281 10
1732848832087 0.0013598891673609614 11
1732849236453 0.0015519255539402366 12
1732849639312 0.001088149263523519 13
1732850040859 0.0010614681523293257 14
1732850443399 0.0008687520166859031 15
1732850825235 0.0009425075259059668 16
1732851206355 0.0007870090776123106 17
1732851617836 0.0007244698354043067 18
1732852016259 0.000913277268409729 19
1732852417689 0.000688611704390496 20
1732852846111 0.0004527299024630338 21
1732853224724 0.000569651136174798 22
1732853610032 0.0005878351512365043 23
1732854003601 0.0004556189524009824 24
1732854392783 0.00046751502668485045 25
1732854782031 0.000917525845579803 26
1732855180822 0.0008352731238119304 27
