1733381884464 0.3492240607738495 0
1733381893891 0.3172909915447235 1
1733381903131 0.324274480342865 2
1733381912594 0.3269070088863373 3
1733381921623 0.3277612328529358 4
1733381931714 0.3288954794406891 5
1733381941379 0.32887110114097595 6
1733381951389 0.3289759159088135 7
1733381960795 0.32882437109947205 8
1733381970186 0.3305819630622864 9
1733381980043 0.3290638029575348 10
1733381989898 0.33062463998794556 11
1733381999273 0.3303528130054474 12
1733382008676 0.33065229654312134 13
1733382018329 0.33045944571495056 14
1733382027771 0.3312850594520569 15
1733382036956 0.33132854104042053 16
1733382046265 0.33295565843582153 17
1733382055695 0.3318542540073395 18
1733382065017 0.33337727189064026 19
1733382074044 0.3322293162345886 20
1733382083202 0.3328840732574463 21
1733382092748 0.3335658013820648 22
1733382102192 0.33407244086265564 23
1733382111832 0.33271247148513794 24
