1733381884464 0.21213333308696747 0
1733381893891 0.18876098096370697 1
1733381903131 0.19362494349479675 2
1733381912594 0.19557631015777588 3
1733381921623 0.19629019498825073 4
1733381931714 0.1970287561416626 5
1733381941379 0.19696027040481567 6
1733381951389 0.19705872237682343 7
1733381960795 0.19698745012283325 8
1733381970186 0.19820789992809296 9
1733381980043 0.1971021443605423 10
1733381989898 0.19830849766731262 11
1733381999273 0.19795438647270203 12
1733382008676 0.1982322484254837 13
1733382018329 0.19810545444488525 14
1733382027771 0.19872838258743286 15
1733382036956 0.19872048497200012 16
1733382046265 0.1999364197254181 17
1733382055695 0.1990482658147812 18
1733382065017 0.20015369355678558 19
1733382074044 0.1994020789861679 20
1733382083202 0.19989702105522156 21
1733382092748 0.20038649439811707 22
1733382102192 0.200679749250412 23
1733382111832 0.1996861845254898 24
