1733381884464 0.3729286193847656 0
1733381893891 0.21608483791351318 1
1733381903131 0.18636435270309448 2
1733381912594 0.17047099769115448 3
1733381921623 0.16251759231090546 4
1733381931714 0.15763063728809357 5
1733381941379 0.1551210582256317 6
1733381951389 0.15555328130722046 7
1733381960795 0.1521969586610794 8
1733381970186 0.1504964828491211 9
1733381980043 0.1491270810365677 10
1733381989898 0.1490851789712906 11
1733381999273 0.14784549176692963 12
1733382008676 0.14743031561374664 13
1733382018329 0.14851251244544983 14
1733382027771 0.14651596546173096 15
1733382036956 0.14524491131305695 16
1733382046265 0.1460801064968109 17
1733382055695 0.14536918699741364 18
1733382065017 0.14474418759346008 19
1733382074044 0.14495372772216797 20
1733382083202 0.1435171514749527 21
1733382092748 0.1425769329071045 22
1733382102192 0.1432020366191864 23
1733382111832 0.14319245517253876 24
