1733381884464 0.269548237323761 0
1733381893891 0.29053613543510437 1
1733381903131 0.29183194041252136 2
1733381912594 0.30727529525756836 3
1733381921623 0.3191802203655243 4
1733381931714 0.3288462162017822 5
1733381941379 0.3416542112827301 6
1733381951389 0.3306642770767212 7
1733381960795 0.35183048248291016 8
1733381970186 0.35678720474243164 9
1733381980043 0.373790442943573 10
1733381989898 0.37018442153930664 11
1733381999273 0.38806650042533875 12
1733382008676 0.37678688764572144 13
1733382018329 0.3831290900707245 14
1733382027771 0.40032950043678284 15
1733382036956 0.40407323837280273 16
1733382046265 0.40579095482826233 17
1733382055695 0.4101656973361969 18
1733382065017 0.41774776577949524 19
1733382074044 0.4196758568286896 20
1733382083202 0.4331487715244293 21
1733382092748 0.44196951389312744 22
1733382102192 0.43921393156051636 23
1733382111832 0.43577104806900024 24
