1733381884464 0.5238730907440186 0
1733381893891 0.198429137468338 1
1733381903131 0.18695439398288727 2
1733381912594 0.1636776626110077 3
1733381921623 0.13972702622413635 4
1733381931714 0.11576731503009796 5
1733381941379 0.0982569232583046 6
1733381951389 0.11002687364816666 7
1733381960795 0.087526336312294 8
1733381970186 0.0842827633023262 9
1733381980043 0.06031208857893944 10
1733381989898 0.08039917796850204 11
1733381999273 0.05917314440011978 12
1733382008676 0.061330877244472504 13
1733382018329 0.0677981749176979 14
1733382027771 0.06041023135185242 15
1733382036956 0.055955421179533005 16
1733382046265 0.06611116975545883 17
1733382055695 0.060153454542160034 18
1733382065017 0.06203237920999527 19
1733382074044 0.04979855194687843 20
1733382083202 0.05088375508785248 21
1733382092748 0.050194475799798965 22
1733382102192 0.05357631668448448 23
1733382111832 0.05531633272767067 24
