1733382841199 0.2816661298274994 0
1733382851192 0.21141637861728668 1
1733382860618 0.17568539083003998 2
1733382869603 0.1462986320257187 3
1733382879649 0.11160270124673843 4
1733382889552 0.11400634050369263 5
1733382899293 0.07587867975234985 6
1733382908374 0.08918262273073196 7
1733382917703 0.08205892890691757 8
1733382926801 0.06982320547103882 9
1733382946181 0.0881890207529068 10
1733382955140 0.06570178270339966 11
1733382964686 0.07137035578489304 12
1733382973657 0.08215977251529694 13
1733382982945 0.08158309012651443 14
1733382991937 0.0863482654094696 15
1733383000920 0.07558182626962662 16
1733383009907 0.080164335668087 17
1733383019308 0.09170754998922348 18
1733383028313 0.08577917516231537 19
1733383037297 0.08238924294710159 20
1733383046291 0.09021054208278656 21
1733383055285 0.08569445461034775 22
1733383064272 0.09779425710439682 23
1733383073235 0.08257237821817398 24
1733383082219 0.10498201102018356 25
1733383091195 0.09666232764720917 26
1733383100136 0.09261530637741089 27
1733383109429 0.10024111717939377 28
1733383118388 0.10322024673223495 29
1733383127373 0.10461367666721344 30
1733383136349 0.08942858129739761 31
1733383146103 0.1064625009894371 32
1733383155157 0.10455344617366791 33
1733383164745 0.1166636273264885 34
1733383173848 0.09450482577085495 35
1733383183032 0.11009564995765686 36
1733383192884 0.11179903894662857 37
1733383202259 0.10856014490127563 38
1733383211537 0.10628750175237656 39
1733383220714 0.11867684125900269 40
1733383231000 0.11596807837486267 41
1733383241907 0.10865642875432968 42
1733383251311 0.11980284750461578 43
1733383260477 0.12664711475372314 44
1733383269714 0.12161341309547424 45
1733383278817 0.1239384114742279 46
1733383287855 0.13381998240947723 47
