1733382841199 0.16496288776397705 0
1733382851192 0.11845461279153824 1
1733382860618 0.09671870619058609 2
1733382869603 0.079221710562706 3
1733382879649 0.05937182158231735 4
1733382889552 0.06077737361192703 5
1733382899293 0.03955307602882385 6
1733382908374 0.04695749282836914 7
1733382917703 0.04293249174952507 8
1733382926801 0.03636122867465019 9
1733382946181 0.046410877257585526 10
1733382955140 0.03424009680747986 11
1733382964686 0.03716197982430458 12
1733382973657 0.043031658977270126 13
1733382982945 0.042688410729169846 14
1733382991937 0.045350562781095505 15
1733383000920 0.039425961673259735 16
1733383009907 0.0419129803776741 17
1733383019308 0.04821160435676575 18
1733383028313 0.04497050493955612 19
1733383037297 0.043088316917419434 20
1733383046291 0.04741210117936134 21
1733383055285 0.0449180044233799 22
1733383064272 0.05159737914800644 23
1733383073235 0.04322524741292 24
1733383082219 0.05559244751930237 25
1733383091195 0.051081277430057526 26
1733383100136 0.04877448081970215 27
1733383109429 0.05298331379890442 28
1733383118388 0.05464976653456688 29
1733383127373 0.05534905567765236 30
1733383136349 0.04700655862689018 31
1733383146103 0.056592125445604324 32
1733383155157 0.055375728756189346 33
1733383164745 0.06235097721219063 34
1733383173848 0.04978742450475693 35
1733383183032 0.05847455933690071 36
1733383192884 0.05954461544752121 37
1733383202259 0.057597171515226364 38
1733383211537 0.05631132423877716 39
1733383220714 0.06349078565835953 40
1733383231000 0.062079645693302155 41
1733383241907 0.05775486305356026 42
1733383251311 0.06409337371587753 43
1733383260477 0.06807824224233627 44
1733383269714 0.06512928009033203 45
1733383278817 0.0661686509847641 46
1733383287855 0.07209227234125137 47
