1733382841199 0.2494911402463913 0
1733382851192 0.19201114773750305 1
1733382860618 0.1671639233827591 2
1733382869603 0.15719948709011078 3
1733382879649 0.15186329185962677 4
1733382889552 0.1503818780183792 5
1733382899293 0.14851967990398407 6
1733382908374 0.1483944207429886 7
1733382917703 0.14666934311389923 8
1733382926801 0.1465236395597458 9
1733382946181 0.1458968222141266 10
1733382955140 0.14495161175727844 11
1733382964686 0.14396663010120392 12
1733382973657 0.14382818341255188 13
1733382982945 0.1430085003376007 14
1733382991937 0.14312192797660828 15
1733383000920 0.14226940274238586 16
1733383009907 0.1426078975200653 17
1733383019308 0.14226919412612915 18
1733383028313 0.14208362996578217 19
1733383037297 0.14179836213588715 20
1733383046291 0.14221373200416565 21
1733383055285 0.14116401970386505 22
1733383064272 0.14106662571430206 23
1733383073235 0.14084891974925995 24
1733383082219 0.14092090725898743 25
1733383091195 0.14075560867786407 26
1733383100136 0.14053288102149963 27
1733383109429 0.14047513902187347 28
1733383118388 0.14006774127483368 29
1733383127373 0.14020130038261414 30
1733383136349 0.13941878080368042 31
1733383146103 0.13975442945957184 32
1733383155157 0.13956351578235626 33
1733383164745 0.13949283957481384 34
1733383173848 0.13923707604408264 35
1733383183032 0.1390158236026764 36
1733383192884 0.13937833905220032 37
1733383202259 0.13972468674182892 38
1733383211537 0.13894535601139069 39
1733383220714 0.1384364813566208 40
1733383231000 0.138883575797081 41
1733383241907 0.13823756575584412 42
1733383251311 0.13827012479305267 43
1733383260477 0.13800984621047974 44
1733383269714 0.1379612386226654 45
1733383278817 0.13820187747478485 46
1733383287855 0.1376008540391922 47
