1733382841199 0.27453169226646423 0
1733382851192 0.2826084792613983 1
1733382860618 0.2991051971912384 2
1733382869603 0.3148227035999298 3
1733382879649 0.34097838401794434 4
1733382889552 0.34768784046173096 5
1733382899293 0.360196977853775 6
1733382908374 0.36142969131469727 7
1733382917703 0.38382500410079956 8
1733382926801 0.3836876451969147 9
1733382946181 0.4163565933704376 10
1733382955140 0.4106033444404602 11
1733382964686 0.43213072419166565 12
1733382973657 0.4327061176300049 13
1733382982945 0.4409392476081848 14
1733382991937 0.44624221324920654 15
1733383000920 0.44919759035110474 16
1733383009907 0.4507870376110077 17
1733383019308 0.45502132177352905 18
1733383028313 0.4591321647167206 19
1733383037297 0.4617129862308502 20
1733383046291 0.4706248939037323 21
1733383055285 0.47178590297698975 22
1733383064272 0.4783277213573456 23
1733383073235 0.48021557927131653 24
1733383082219 0.4736981987953186 25
1733383091195 0.48110097646713257 26
1733383100136 0.48394647240638733 27
1733383109429 0.48289954662323 28
1733383118388 0.4869038462638855 29
1733383127373 0.4913966655731201 30
1733383136349 0.49570417404174805 31
1733383146103 0.49079927802085876 32
1733383155157 0.4958522319793701 33
1733383164745 0.5025462508201599 34
1733383173848 0.5020752549171448 35
1733383183032 0.5102148056030273 36
1733383192884 0.49766796827316284 37
1733383202259 0.4995114207267761 38
1733383211537 0.5086839199066162 39
1733383220714 0.5099540948867798 40
1733383231000 0.5050519108772278 41
1733383241907 0.517049252986908 42
1733383251311 0.5205840468406677 43
1733383260477 0.5034902095794678 44
1733383269714 0.5129606127738953 45
1733383278817 0.5134345889091492 46
1733383287855 0.5147919058799744 47
