1733382841199 0.3096160590648651 0
1733382851192 0.17179301381111145 1
1733382860618 0.128048837184906 2
1733382869603 0.0964718908071518 3
1733382879649 0.06773563474416733 4
1733382889552 0.06962215900421143 5
1733382899293 0.0428510420024395 6
1733382908374 0.05244733393192291 7
1733382917703 0.04624509811401367 8
1733382926801 0.03903328254818916 9
1733382946181 0.05169200524687767 10
1733382955140 0.0358639620244503 11
1733382964686 0.03992855176329613 12
1733382973657 0.04601502791047096 13
1733382982945 0.04552919417619705 14
1733382991937 0.04833848401904106 15
1733383000920 0.04182400926947594 16
1733383009907 0.044198449701070786 17
1733383019308 0.05146542936563492 18
1733383028313 0.04766055569052696 19
1733383037297 0.04502669721841812 20
1733383046291 0.050238873809576035 21
1733383055285 0.04795948788523674 22
1733383064272 0.054783836007118225 23
1733383073235 0.04586198553442955 24
1733383082219 0.05909746512770653 25
1733383091195 0.05416973680257797 26
1733383100136 0.05132944881916046 27
1733383109429 0.05649494752287865 28
1733383118388 0.058062054216861725 29
1733383127373 0.05844746530056 30
1733383136349 0.049574822187423706 31
1733383146103 0.0606619156897068 32
1733383155157 0.05899801477789879 33
1733383164745 0.06689053773880005 34
1733383173848 0.052718985825777054 35
1733383183032 0.06240759789943695 36
1733383192884 0.06315941363573074 37
1733383202259 0.060674771666526794 38
1733383211537 0.0600433312356472 39
1733383220714 0.06797821074724197 40
1733383231000 0.06701599061489105 41
1733383241907 0.061077795922756195 42
1733383251311 0.06847382336854935 43
1733383260477 0.07367054373025894 44
1733383269714 0.06975798308849335 45
1733383278817 0.07070357352495193 46
1733383287855 0.07779637724161148 47
