1733383865401 0.37275245785713196 0
1733383876362 0.35448503494262695 1
1733383886918 0.3395857810974121 2
1733383898067 0.3233632445335388 3
1733383908066 0.31052568554878235 4
1733383918971 0.2971753776073456 5
1733383928444 0.28709766268730164 6
1733383938983 0.2720577120780945 7
1733383948502 0.2606115937232971 8
1733383958970 0.25551238656044006 9
1733383968427 0.2537757456302643 10
1733383977851 0.2397998571395874 11
1733383987388 0.24228602647781372 12
1733383996891 0.23286883533000946 13
1733384007314 0.23082849383354187 14
1733384016821 0.2272641807794571 15
1733384026334 0.21896955370903015 16
1733384035855 0.22481930255889893 17
1733384045347 0.21556060016155243 18
1733384054832 0.20752356946468353 19
1733384065124 0.19460135698318481 20
1733384075516 0.19445301592350006 21
1733384085161 0.19363267719745636 22
1733384094987 0.20239296555519104 23
1733384104972 0.1808479279279709 24
1733384115879 0.1855107992887497 25
1733384125736 0.18660666048526764 26
1733384135090 0.17558564245700836 27
1733384144597 0.17470014095306396 28
1733384153639 0.1862613707780838 29
1733384162742 0.16266684234142303 30
1733384172695 0.17212601006031036 31
1733384181839 0.1616031378507614 32
1733384190952 0.15952686965465546 33
1733384200354 0.16215185821056366 34
1733384213175 0.1498199701309204 35
1733384222925 0.1524389088153839 36
1733384255376 0.1555940806865692 37
1733384264698 0.15136264264583588 38
1733384274176 0.1550706923007965 39
1733384283675 0.1453736573457718 40
1733384299051 0.1489722728729248 41
1733384351105 0.1487971544265747 42
1733384361734 0.13300515711307526 43
1733384372547 0.13997475802898407 44
1733384406506 0.14502602815628052 45
1733384416773 0.13563311100006104 46
1733384426511 0.1356094777584076 47
1733384436934 0.13385745882987976 48
1733384446084 0.13460339605808258 49
1733384457590 0.12904547154903412 50
1733384469251 0.12431341409683228 51
1733384480794 0.1336711198091507 52
1733384491356 0.12273040413856506 53
1733384501000 0.12576811015605927 54
1733384510718 0.12845869362354279 55
1733384521175 0.12519896030426025 56
1733384531921 0.11794521659612656 57
1733384541139 0.12964731454849243 58
1733384550166 0.11937502771615982 59
1733384559175 0.12753844261169434 60
1733384568195 0.11871135979890823 61
1733384577223 0.11712106317281723 62
1733384586956 0.1245419979095459 63
1733384595984 0.11891697347164154 64
1733384605144 0.12357765436172485 65
1733384615279 0.11557451635599136 66
1733384624252 0.11934040486812592 67
1733384633242 0.12938152253627777 68
1733384642473 0.11595578491687775 69
1733384652292 0.10943577438592911 70
1733384661868 0.1167534738779068 71
1733384681705 0.1205352395772934 72
1733384691616 0.10999354720115662 73
1733384701264 0.11759801208972931 74
1733384711041 0.11352759599685669 75
1733384720517 0.10793250054121017 76
1733384730845 0.12175887078046799 77
1733384740388 0.11059260368347168 78
1733384749595 0.12604793906211853 79
1733384758672 0.11301927268505096 80
1733384767899 0.11520130187273026 81
1733384776985 0.10783808678388596 82
1733384787544 0.11048935353755951 83
1733384796675 0.1122797429561615 84
1733384805912 0.1101129874587059 85
1733384815036 0.10736825317144394 86
1733384824194 0.11541342735290527 87
1733384833326 0.10969618707895279 88
1733384842428 0.10425170511007309 89
1733384851488 0.11053043603897095 90
1733384860567 0.1173366829752922 91
1733384869621 0.09796226769685745 92
1733384878739 0.10993547737598419 93
