1733383865401 0.2294594943523407 0
1733383876362 0.2158108949661255 1
1733383886918 0.20470333099365234 2
1733383898067 0.19329340755939484 3
1733383908066 0.18411961197853088 4
1733383918971 0.17476674914360046 5
1733383928444 0.16794264316558838 6
1733383938983 0.15765854716300964 7
1733383948502 0.15005844831466675 8
1733383958970 0.14667809009552002 9
1733383968427 0.14547017216682434 10
1733383977851 0.13661208748817444 11
1733383987388 0.13822373747825623 12
1733383996891 0.1321168839931488 13
1733384007314 0.130807563662529 14
1733384016821 0.12845595180988312 15
1733384026334 0.12330395728349686 16
1733384035855 0.12694387137889862 17
1733384045347 0.12114012986421585 18
1733384054832 0.11604306846857071 19
1733384065124 0.10816784203052521 20
1733384075516 0.10801364481449127 21
1733384085161 0.10753945261240005 22
1733384094987 0.11284288763999939 23
1733384104972 0.09992127120494843 24
1733384115879 0.1026010662317276 25
1733384125736 0.1034422516822815 26
1733384135090 0.09650798887014389 27
1733384144597 0.09608632326126099 28
1733384153639 0.10313069075345993 29
1733384162742 0.08875981718301773 30
1733384172695 0.09448698908090591 31
1733384181839 0.0883958637714386 32
1733384190952 0.08712893724441528 33
1733384200354 0.0887860432267189 34
1733384213175 0.08154796063899994 35
1733384222925 0.0828733965754509 36
1733384255376 0.08468197286128998 37
1733384264698 0.08232413232326508 38
1733384274176 0.08441227674484253 39
1733384283675 0.07889672368764877 40
1733384299051 0.08088336884975433 41
1733384351105 0.08067108690738678 42
1733384361734 0.07156874984502792 43
1733384372547 0.07573141157627106 44
1733384406506 0.07870429009199142 45
1733384416773 0.0731571838259697 46
1733384426511 0.07304056733846664 47
1733384436934 0.0720558688044548 48
1733384446084 0.07250267267227173 49
1733384457590 0.069264255464077 50
1733384469251 0.0665588229894638 51
1733384480794 0.07176009565591812 52
1733384491356 0.06565366685390472 53
1733384501000 0.06744353473186493 54
1733384510718 0.06898601353168488 55
1733384521175 0.06690023839473724 56
1733384531921 0.063015416264534 57
1733384541139 0.06959103047847748 58
1733384550166 0.06372326612472534 59
1733384559175 0.0686255618929863 60
1733384568195 0.06333623826503754 61
1733384577223 0.06249934807419777 62
1733384586956 0.06673938781023026 63
1733384595984 0.06353341788053513 64
1733384605144 0.06626828014850616 65
1733384615279 0.06159402057528496 66
1733384624252 0.06381855905056 67
1733384633242 0.06944023072719574 68
1733384642473 0.061937518417835236 69
1733384652292 0.05806124955415726 70
1733384661868 0.062299154698848724 71
1733384681705 0.06440814584493637 72
1733384691616 0.0584096796810627 73
1733384701264 0.0628252625465393 74
1733384711041 0.060461752116680145 75
1733384720517 0.05736924335360527 76
1733384730845 0.06502989679574966 77
1733384740388 0.058835551142692566 78
1733384749595 0.06764428317546844 79
1733384758672 0.06015612930059433 80
1733384767899 0.06160372868180275 81
1733384776985 0.057201582938432693 82
1733384787544 0.05879001319408417 83
1733384796675 0.05970890820026398 84
1733384805912 0.05862434208393097 85
1733384815036 0.05695299804210663 86
1733384824194 0.06157408282160759 87
1733384833326 0.05853336676955223 88
1733384842428 0.055228300392627716 89
1733384851488 0.05872947350144386 90
1733384860567 0.06258752197027206 91
1733384869621 0.051747340708971024 92
1733384878739 0.05863061919808388 93
