1733383865401 0.3674537241458893 0
1733383876362 0.32542771100997925 1
1733383886918 0.2923131287097931 2
1733383898067 0.26764124631881714 3
1733383908066 0.2502008080482483 4
1733383918971 0.23653391003608704 5
1733383928444 0.2282601296901703 6
1733383938983 0.21971261501312256 7
1733383948502 0.21184644103050232 8
1733383958970 0.2056245058774948 9
1733383968427 0.19923922419548035 10
1733383977851 0.19458121061325073 11
1733383987388 0.1899394690990448 12
1733383996891 0.18637965619564056 13
1733384007314 0.18485723435878754 14
1733384016821 0.18016356229782104 15
1733384026334 0.1775514781475067 16
1733384035855 0.17570337653160095 17
1733384045347 0.17351683974266052 18
1733384054832 0.17117269337177277 19
1733384065124 0.1690838485956192 20
1733384075516 0.16763241589069366 21
1733384085161 0.16662093997001648 22
1733384094987 0.16487443447113037 23
1733384104972 0.16390378773212433 24
1733384115879 0.16318096220493317 25
1733384125736 0.16215839982032776 26
1733384135090 0.16133952140808105 27
1733384144597 0.15980331599712372 28
1733384153639 0.15994001924991608 29
1733384162742 0.15851746499538422 30
1733384172695 0.15737080574035645 31
1733384181839 0.15696494281291962 32
1733384190952 0.1567428559064865 33
1733384200354 0.15618276596069336 34
1733384213175 0.15562096238136292 35
1733384222925 0.15545383095741272 36
1733384255376 0.15541012585163116 37
1733384264698 0.15434491634368896 38
1733384274176 0.1548629254102707 39
1733384283675 0.15356643497943878 40
1733384299051 0.15305761992931366 41
1733384351105 0.15344542264938354 42
1733384361734 0.15244722366333008 43
1733384372547 0.15243080258369446 44
1733384406506 0.15172025561332703 45
1733384416773 0.1519668847322464 46
1733384426511 0.15207621455192566 47
1733384436934 0.15101048350334167 48
1733384446084 0.1515117585659027 49
1733384457590 0.15035392343997955 50
1733384469251 0.15038086473941803 51
1733384480794 0.14975698292255402 52
1733384491356 0.14994990825653076 53
1733384501000 0.14983919262886047 54
1733384510718 0.14991363883018494 55
1733384521175 0.14889739453792572 56
1733384531921 0.14947651326656342 57
1733384541139 0.14955341815948486 58
1733384550166 0.14913204312324524 59
1733384559175 0.14864227175712585 60
1733384568195 0.14842920005321503 61
1733384577223 0.1477748602628708 62
1733384586956 0.14851361513137817 63
1733384595984 0.14781343936920166 64
1733384605144 0.14826332032680511 65
1733384615279 0.14761757850646973 66
1733384624252 0.14743956923484802 67
1733384633242 0.14745157957077026 68
1733384642473 0.14769943058490753 69
1733384652292 0.1475025862455368 70
1733384661868 0.14699716866016388 71
1733384681705 0.14713561534881592 72
1733384691616 0.14669178426265717 73
1733384701264 0.14700664579868317 74
1733384711041 0.14693768322467804 75
1733384720517 0.14699992537498474 76
1733384730845 0.146211177110672 77
1733384740388 0.14641621708869934 78
1733384749595 0.1464678794145584 79
1733384758672 0.14589731395244598 80
1733384767899 0.1463778018951416 81
1733384776985 0.14582090079784393 82
1733384787544 0.1462504118680954 83
1733384796675 0.1448983997106552 84
1733384805912 0.14579324424266815 85
1733384815036 0.1457201987504959 86
1733384824194 0.1454492062330246 87
1733384833326 0.14508573710918427 88
1733384842428 0.14531120657920837 89
1733384851488 0.1452377587556839 90
1733384860567 0.1447809785604477 91
1733384869621 0.14512315392494202 92
1733384878739 0.1448754072189331 93
