1733383865401 0.27223530411720276 0
1733383876362 0.26956260204315186 1
1733383886918 0.2707827389240265 2
1733383898067 0.27205950021743774 3
1733383908066 0.2743600606918335 4
1733383918971 0.2754189074039459 5
1733383928444 0.2779960036277771 6
1733383938983 0.2765358090400696 7
1733383948502 0.2784232497215271 8
1733383958970 0.2825579345226288 9
1733383968427 0.28773242235183716 10
1733383977851 0.2880294919013977 11
1733383987388 0.2926894724369049 12
1733383996891 0.29365822672843933 13
1733384007314 0.2898394465446472 14
1733384016821 0.2973453998565674 15
1733384026334 0.30057379603385925 16
1733384035855 0.3000982403755188 17
1733384045347 0.2998352348804474 18
1733384054832 0.3046201765537262 19
1733384065124 0.30623891949653625 20
1733384075516 0.3094184100627899 21
1733384085161 0.3135357201099396 22
1733384094987 0.3122228980064392 23
1733384104972 0.3163054883480072 24
1733384115879 0.3151223957538605 25
1733384125736 0.31677916646003723 26
1733384135090 0.323486864566803 27
1733384144597 0.323265939950943 28
1733384153639 0.32667410373687744 29
1733384162742 0.32733890414237976 30
1733384172695 0.3315567076206207 31
1733384181839 0.32902631163597107 32
1733384190952 0.3292454183101654 33
1733384200354 0.33388403058052063 34
1733384213175 0.3388042151927948 35
1733384222925 0.33957719802856445 36
1733384255376 0.3376377522945404 37
1733384264698 0.34579795598983765 38
1733384274176 0.34114891290664673 39
1733384283675 0.3472634255886078 40
1733384299051 0.34715035557746887 41
1733384351105 0.3429434299468994 42
1733384361734 0.35304346680641174 43
1733384372547 0.3512975573539734 44
1733384406506 0.3504239022731781 45
1733384416773 0.35345566272735596 46
1733384426511 0.3549251854419708 47
1733384436934 0.35550445318222046 48
1733384446084 0.3558768332004547 49
1733384457590 0.3637271225452423 50
1733384469251 0.363360732793808 51
1733384480794 0.37024667859077454 52
1733384491356 0.37255793809890747 53
1733384501000 0.3691992461681366 54
1733384510718 0.37230196595191956 55
1733384521175 0.3764038383960724 56
1733384531921 0.3746767044067383 57
1733384541139 0.3760216236114502 58
1733384550166 0.3805181682109833 59
1733384559175 0.3791460692882538 60
1733384568195 0.38370847702026367 61
1733384577223 0.38373002409935 62
1733384586956 0.3827645182609558 63
1733384595984 0.38732993602752686 64
1733384605144 0.3867143392562866 65
1733384615279 0.3937017321586609 66
1733384624252 0.3937568962574005 67
1733384633242 0.38946953415870667 68
1733384642473 0.38918012380599976 69
1733384652292 0.3932485282421112 70
1733384661868 0.40119919180870056 71
1733384681705 0.4002835154533386 72
1733384691616 0.39604446291923523 73
1733384701264 0.4003041386604309 74
1733384711041 0.4003402590751648 75
1733384720517 0.403624951839447 76
1733384730845 0.4017183780670166 77
1733384740388 0.40365174412727356 78
1733384749595 0.40510398149490356 79
1733384758672 0.4093407988548279 80
1733384767899 0.40607333183288574 81
1733384776985 0.4154852032661438 82
1733384787544 0.4050770103931427 83
1733384796675 0.407851904630661 84
1733384805912 0.41000527143478394 85
1733384815036 0.41101324558258057 86
1733384824194 0.41336286067962646 87
1733384833326 0.4120433032512665 88
1733384842428 0.4180665612220764 89
1733384851488 0.4197360873222351 90
1733384860567 0.4254874289035797 91
1733384869621 0.4157685935497284 92
1733384878739 0.42279884219169617 93
