1733383865401 0.597506046295166 0
1733383876362 0.5233507752418518 1
1733383886918 0.45765221118927 2
1733383898067 0.40677544474601746 3
1733383908066 0.3632984757423401 4
1733383918971 0.3269626498222351 5
1733383928444 0.3022993505001068 6
1733383938983 0.27108055353164673 7
1733383948502 0.248214453458786 8
1733383958970 0.23630619049072266 9
1733383968427 0.2293638437986374 10
1733383977851 0.20974098145961761 11
1733383987388 0.21145884692668915 12
1733383996891 0.1974729746580124 13
1733384007314 0.19479289650917053 14
1733384016821 0.18576562404632568 15
1733384026334 0.17560355365276337 16
1733384035855 0.18236032128334045 17
1733384045347 0.17165638506412506 18
1733384054832 0.15992151200771332 19
1733384065124 0.14605790376663208 20
1733384075516 0.1437774896621704 21
1733384085161 0.142759770154953 22
1733384094987 0.15166951715946198 23
1733384104972 0.13154149055480957 24
1733384115879 0.13351674377918243 25
1733384125736 0.1360839605331421 26
1733384135090 0.12222659587860107 27
1733384144597 0.12171684950590134 28
1733384153639 0.13226701319217682 29
1733384162742 0.11016430705785751 30
1733384172695 0.11820822954177856 31
1733384181839 0.1110546663403511 32
1733384190952 0.10845520347356796 33
1733384200354 0.11101359128952026 34
1733384213175 0.10031580179929733 35
1733384222925 0.10046076774597168 36
1733384255376 0.10306049883365631 37
1733384264698 0.09921088814735413 38
1733384274176 0.10252442955970764 39
1733384283675 0.0948438048362732 40
1733384299051 0.0972285121679306 41
1733384351105 0.09588422626256943 42
1733384361734 0.08442410826683044 43
1733384372547 0.09057359397411346 44
1733384406506 0.0951843336224556 45
1733384416773 0.08499955385923386 46
1733384426511 0.08484799414873123 47
1733384436934 0.0844302624464035 48
1733384446084 0.08408106118440628 49
1733384457590 0.07960275560617447 50
1733384469251 0.0758681371808052 51
1733384480794 0.08170348405838013 52
1733384491356 0.07515168935060501 53
1733384501000 0.07777726650238037 54
1733384510718 0.07873275130987167 55
1733384521175 0.07531435787677765 56
1733384531921 0.07184980064630508 57
1733384541139 0.07999992370605469 58
1733384550166 0.07173707336187363 59
1733384559175 0.08032825589179993 60
1733384568195 0.07128699123859406 61
1733384577223 0.07053980976343155 62
1733384586956 0.07628042250871658 63
1733384595984 0.07177399098873138 64
1733384605144 0.07526269555091858 65
1733384615279 0.06894072145223618 66
1733384624252 0.07074678689241409 67
1733384633242 0.0787212997674942 68
1733384642473 0.06887021660804749 69
1733384652292 0.06439927220344543 70
1733384661868 0.06911519169807434 71
1733384681705 0.07205671817064285 72
1733384691616 0.06498869508504868 73
1733384701264 0.07048848271369934 74
1733384711041 0.06766864657402039 75
1733384720517 0.06300530582666397 76
1733384730845 0.07293985784053802 77
1733384740388 0.06417491286993027 78
1733384749595 0.07537505775690079 79
1733384758672 0.0664583146572113 80
1733384767899 0.06854823231697083 81
1733384776985 0.06276031583547592 82
1733384787544 0.06567682325839996 83
1733384796675 0.06553354859352112 84
1733384805912 0.06435606628656387 85
1733384815036 0.06267916411161423 86
1733384824194 0.0685400664806366 87
1733384833326 0.06545717269182205 88
1733384842428 0.06078746169805527 89
1733384851488 0.0641084611415863 90
1733384860567 0.06957224011421204 91
1733384869621 0.05567381531000137 92
1733384878739 0.06451993435621262 93
