1733385383931 0.34314101934432983 0
1733385391666 0.3345651924610138 1
1733385399646 0.32697951793670654 2
1733385406772 0.32329511642456055 3
1733385413860 0.3241281807422638 4
1733385421696 0.325209379196167 5
1733385428771 0.32351353764533997 6
1733385436325 0.3255777657032013 7
1733385443483 0.3250490725040436 8
1733385451014 0.3263028562068939 9
1733385458105 0.32653942704200745 10
1733385465242 0.3253888785839081 11
1733385472822 0.3268982172012329 12
1733385481289 0.32772377133369446 13
1733385488420 0.3286070227622986 14
1733385495493 0.32601094245910645 15
1733385502586 0.326990008354187 16
1733385509681 0.328325092792511 17
1733385516812 0.3275056481361389 18
1733385523924 0.3288097679615021 19
1733385531019 0.328043669462204 20
1733385539471 0.3288748860359192 21
1733385546581 0.32906967401504517 22
1733385553689 0.32925179600715637 23
1733385561456 0.3292950391769409 24
1733385568564 0.32922855019569397 25
1733385576362 0.33008676767349243 26
1733385583458 0.3295038044452667 27
1733385591274 0.3300860822200775 28
1733385598356 0.32927560806274414 29
1733385606373 0.3308738172054291 30
1733385613496 0.3302510380744934 31
1733385620617 0.33031171560287476 32
1733385627692 0.33048582077026367 33
1733385635299 0.33048415184020996 34
1733385643464 0.33080050349235535 35
1733385650598 0.33033400774002075 36
1733385657732 0.33217912912368774 37
1733385664889 0.33100688457489014 38
1733385672029 0.3324352502822876 39
1733385679151 0.3315430283546448 40
1733385686268 0.33208832144737244 41
1733385693390 0.3324780762195587 42
1733385700519 0.3333413898944855 43
1733385707627 0.3332236409187317 44
1733385714716 0.3338661789894104 45
