1733385383931 0.20742645859718323 0
1733385391666 0.20117372274398804 1
1733385399646 0.19580551981925964 2
1733385406772 0.19308236241340637 3
1733385413860 0.1936255395412445 4
1733385421696 0.19443602859973907 5
1733385428771 0.19316893815994263 6
1733385436325 0.19475212693214417 7
1733385443483 0.1943979263305664 8
1733385451014 0.19516189396381378 9
1733385458105 0.1953795850276947 10
1733385465242 0.19459456205368042 11
1733385472822 0.19564788043498993 12
1733385481289 0.19618727266788483 13
1733385488420 0.19678522646427155 14
1733385495493 0.1950376033782959 15
1733385502586 0.1957121342420578 16
1733385509681 0.1966889649629593 17
1733385516812 0.19607387483119965 18
1733385523924 0.19696058332920074 19
1733385531019 0.196514293551445 20
1733385539471 0.19696998596191406 21
1733385546581 0.19716893136501312 22
1733385553689 0.19729219377040863 23
1733385561456 0.1973520666360855 24
1733385568564 0.1973031461238861 25
1733385576362 0.1979142427444458 26
1733385583458 0.19751344621181488 27
1733385591274 0.19792644679546356 28
1733385598356 0.197312593460083 29
1733385606373 0.19849517941474915 30
1733385613496 0.19805625081062317 31
1733385620617 0.1980924904346466 32
1733385627692 0.19823580980300903 33
1733385635299 0.1982559859752655 34
1733385643464 0.19845137000083923 35
1733385650598 0.19815674424171448 36
1733385657732 0.19947241246700287 37
1733385664889 0.1986297369003296 38
1733385672029 0.19960056245326996 39
1733385679151 0.19900597631931305 40
1733385686268 0.19939151406288147 41
1733385693390 0.19964544475078583 42
1733385700519 0.20024803280830383 43
1733385707627 0.20011800527572632 44
1733385714716 0.2005876898765564 45
