1733385383931 0.4231322407722473 0
1733385391666 0.36295285820961 1
1733385399646 0.34054726362228394 2
1733385406772 0.32620012760162354 3
1733385413860 0.3147414028644562 4
1733385421696 0.30457642674446106 5
1733385428771 0.2971222400665283 6
1733385436325 0.28979358077049255 7
1733385443483 0.28470441699028015 8
1733385451014 0.27887776494026184 9
1733385458105 0.2753714323043823 10
1733385465242 0.27147582173347473 11
1733385472822 0.26940977573394775 12
1733385481289 0.2665386497974396 13
1733385488420 0.2649255394935608 14
1733385495493 0.2637685239315033 15
1733385502586 0.26232093572616577 16
1733385509681 0.2611674964427948 17
1733385516812 0.2602039873600006 18
1733385523924 0.2588290870189667 19
1733385531019 0.258266419172287 20
1733385539471 0.2573257088661194 21
1733385546581 0.256734162569046 22
1733385553689 0.2567225992679596 23
1733385561456 0.255270779132843 24
1733385568564 0.2549912631511688 25
1733385576362 0.25451818108558655 26
1733385583458 0.25421276688575745 27
1733385591274 0.25350984930992126 28
1733385598356 0.25359565019607544 29
1733385606373 0.25286102294921875 30
1733385613496 0.25292474031448364 31
1733385620617 0.2519662082195282 32
1733385627692 0.25189700722694397 33
1733385635299 0.2515515387058258 34
1733385643464 0.25105059146881104 35
1733385650598 0.25102555751800537 36
1733385657732 0.2505907714366913 37
1733385664889 0.2503248155117035 38
1733385672029 0.25024881958961487 39
1733385679151 0.25003188848495483 40
1733385686268 0.24942919611930847 41
1733385693390 0.24937064945697784 42
1733385700519 0.24890200793743134 43
1733385707627 0.24870504438877106 44
1733385714716 0.2483210414648056 45
