1733385383931 0.27758195996284485 0
1733385391666 0.2877196967601776 1
1733385399646 0.29376500844955444 2
1733385406772 0.29962676763534546 3
1733385413860 0.306460976600647 4
1733385421696 0.3141315281391144 5
1733385428771 0.31734132766723633 6
1733385436325 0.3237667381763458 7
1733385443483 0.32757505774497986 8
1733385451014 0.3363887369632721 9
1733385458105 0.3404079079627991 10
1733385465242 0.3475431799888611 11
1733385472822 0.35058730840682983 12
1733385481289 0.36006414890289307 13
1733385488420 0.36374616622924805 14
1733385495493 0.36565178632736206 15
1733385502586 0.3723963797092438 16
1733385509681 0.37827831506729126 17
1733385516812 0.38042277097702026 18
1733385523924 0.3922964036464691 19
1733385531019 0.3950783312320709 20
1733385539471 0.3963348865509033 21
1733385546581 0.40428903698921204 22
1733385553689 0.4024587869644165 23
1733385561456 0.4102259874343872 24
1733385568564 0.41111233830451965 25
1733385576362 0.4164546728134155 26
1733385583458 0.41911906003952026 27
1733385591274 0.4252724349498749 28
1733385598356 0.4223678410053253 29
1733385606373 0.4270339012145996 30
1733385613496 0.42697873711586 31
1733385620617 0.43797144293785095 32
1733385627692 0.4388302266597748 33
1733385635299 0.44135499000549316 34
1733385643464 0.445397287607193 35
1733385650598 0.4446326494216919 36
1733385657732 0.44631776213645935 37
1733385664889 0.4500545561313629 38
1733385672029 0.447363018989563 39
1733385679151 0.4536438584327698 40
1733385686268 0.45774123072624207 41
1733385693390 0.4589444100856781 42
1733385700519 0.4611350893974304 43
1733385707627 0.4641083776950836 44
1733385714716 0.46632876992225647 45
