1733385383931 0.41088390350341797 0
1733385391666 0.3271530270576477 1
1733385399646 0.26336997747421265 2
1733385406772 0.21938668191432953 3
1733385413860 0.2020958811044693 4
1733385421696 0.1884317547082901 5
1733385428771 0.16128727793693542 6
1733385436325 0.15820305049419403 7
1733385443483 0.1425900161266327 8
1733385451014 0.12837451696395874 9
1733385458105 0.12132974714040756 10
1733385465242 0.1031586229801178 11
1733385472822 0.10436565428972244 12
1733385481289 0.09628692269325256 13
1733385488420 0.09295056015253067 14
1733385495493 0.07980497181415558 15
1733385502586 0.07731721550226212 16
1733385509681 0.08176591992378235 17
1733385516812 0.07330084592103958 18
1733385523924 0.07245894521474838 19
1733385531019 0.07177738100290298 20
1733385539471 0.06668461859226227 21
1733385546581 0.06687622517347336 22
1733385553689 0.06708235293626785 23
1733385561456 0.06307045370340347 24
1733385568564 0.06233573704957962 25
1733385576362 0.0635780543088913 26
1733385583458 0.059868525713682175 27
1733385591274 0.05897391587495804 28
1733385598356 0.054512254893779755 29
1733385606373 0.06088104471564293 30
1733385613496 0.05843169987201691 31
1733385620617 0.05593545734882355 32
1733385627692 0.0565011203289032 33
1733385635299 0.05480881780385971 34
1733385643464 0.05522039160132408 35
1733385650598 0.053932074457407 36
1733385657732 0.05872111767530441 37
1733385664889 0.05574161559343338 38
1733385672029 0.05840088054537773 39
1733385679151 0.05515071749687195 40
1733385686268 0.055252328515052795 41
1733385693390 0.05695490166544914 42
1733385700519 0.057853084057569504 43
1733385707627 0.05669093877077103 44
1733385714716 0.0587235763669014 45
